2100290739858274M2309517   800007    92703040011,00                   951700
210029073120038HM1209517   800008    92703040011,00                   951700
210029073120038HM1209517   800008    92703040011,00                   951700
210029073120038HM1209516   800009    92703040011,00                   951600
210029073120038HM1209516   800009    92703040011,00                   951600
210029073120038HM1209516   800009    92703040011,00                   951600
210029073120038HM1209516   800009    92703040011,00                   951600
210029073120038HM1209516   800009    92703040011,00                   951600
2100290739858274M2309516   800010    92703040011,00                   951600
210029073120038HM1209517   800008    92703040011,00                   951700
210029073120038HM1209516   800009    92703040011,00                   951600
2100290739858274M2309516   800010    92703040011,00                   951600
